	name	lat	long
0	가로수길	37.5231593	127.02162499999997
1	압구정역	37.52674095	127.0281105
2	신사가로수	37.521852	127.022510
3	압구정	37.526283	127.029560
4	압구정미소	37.52405601	127.027915
5	압구정로	37.52680046	127.0347174
6	신압구정	37.528115	127.036441
7	신사역	37.5162021	127.0207428
8	도산가로수길	37.51736229999999	127.02329570000006
9	을지병원사거리	37.5191632	127.0286446
10	압구정로데오역	37.526549	127.040437
11	학동사거리	37.52236449999999	127.03795430000002
12	청담스타	37.525216	127.041827
13	학동역	37.51464884	127.0307302
14	서울세관사거리	37.514887	127.035653
15	청담사거리	37.5236351	127.04686509999999
16	논현힐탑	37.5115577	127.03226199999994
17	강남구청역	37.5165849	127.04124330000002
18	청담	37.5243631	127.05155990000003
19	강남구청정문	37.518181	127.045995
20	강남대로	37.50314	127.025546
21	차병원사거리	37.508032	127.035373
22	청담공원	37.5186549	127.05143870000006
23	아크로힐스논현	37.50898041	127.0403869
24	청담영동대로	37.522156	127.056449
25	선정릉역	37.51075489999999	127.04455970000003
26	삼성현대힐	37.51354184	127.0527183
27	역삼역	37.50080096	127.0351577
28	GS타워	37.5018592	127.03727759999992
29	역삼대로	37.502713	127.039075
30	역삼포스코	37.499721	127.033582
31	캐피탈타워	37.49971982	127.0349084
32	큰길타워	37.50236693	127.0407
33	강남비젼타워	37.4964557	127.02968850000002
34	기술센터	37.50329211	127.0436409
35	선릉로	37.505053	127.046577
36	르네상스사거리	37.502721	127.044308
37	코엑스사거리	37.515351	127.060109
38	선릉역	37.50393894	127.0485135
39	코엑스몰	37.511921	127.059024
40	역삼초교사거리	37.4941059	127.03299730000003
41	삼성도심공항	37.5097863	127.05791339999996
42	강남우성	37.492396	127.030910
43	선릉세화빌딩	37.50377562	127.051196
44	삼성	37.50703529	127.0555503
45	구역삼사거리	37.49592355	127.0388645
46	포스코사거리	37.5075307	127.05742710000004
47	스타필드코엑스몰	37.509990	127.061455
48	포스코	37.50576	127.057966
49	삼성역	37.510015	127.063864
50	역삼럭키	37.492209	127.039389
51	삼성역사거리	37.5076531	127.06272799999999
52	뱅뱅사거리	37.488585	127.032415
53	대치사거리	37.503331	127.058817
54	삼성교	37.507794	127.06517
55	한티역	37.496801	127.055055
56	대치은마사거리	37.498973	127.060172
57	대치	37.49966175	127.0622171
58	도곡역	37.492167	127.057398
59	신세계도곡	37.490298	127.054895
60	대치역	37.493554	127.061874
61	학여울역	37.49803646	127.0684943
62	포이	37.47781106	127.0451411
63	수서	37.48801132	127.1017508
