	name	lat	long
0	아시아선수촌	37.51052862	127.0790472
1	잠실새내역	37.511679	127.081062
2	갤러리아팰리스	37.51108365	127.0938059
3	잠실대교남단	37.515511	127.099006
4	잠실역	37.515272	127.099231
5	잠실푸르지오월드	37.517649	127.103426
6	석촌서호	37.5063929	127.0964684
7	송파구청	37.514573	127.107404
8	석촌호수	37.509581	127.104993
9	석촌역	37.5042626	127.10610769999994
10	올림픽평화의문	37.5156426	127.11648190000005
11	송파사거리	37.5022788	127.1103904
12	올림픽공원남문	37.5133	127.123113
13	송파방이DT	37.506564	127.120495
14	방이역	37.508666	127.126569
15	가락본동	37.494895	127.118785
16	올림픽훼미리	37.491626	127.116308
17	올림픽아파트	37.515315	127.133237
18	가락시장역	37.494299	127.121354
19	문정로데오	37.491905	127.1262696
20	문정역	37.484813	127.122237
21	가든파이브	37.4782316	127.11937030000001
22	문정하비오	37.481925	127.123446
23	송파아이파크	37.479892	127.122379
